1	2	2	2		-->INDIVÍDUO INICIAL	
16	12	24	30	
6	7	23	29	
26	17	25	31	
1	2	2	2	
1	1	1	1	
30	31	31	31

21	11	3	3		-->TAMANHO DA SOLICITACAO

===================================================================
1	2	2	2		-->INDIVÍDUO GERADO
16	19	11	23	
6	18	6	22	
26	20	16	24	
1	2	2	2	
1	1	1	1	
30	31	31	31

21	3	11	3		-->TAMANHO DA SOLICITACAO

===================================================================
1	2	2	2		-->INDIVÍDUO ÓTIMO
15	13	21	25
5	8	20	24
25	18	22	26
1	2	2	2
1	1	1	1
30	31	31	31

21	11	3	3		-->TAMANHO DA SOLICITAÇÃO

