1
2
2
2
10
15
25
28
12
18
26
29
12
18
26
29
1
1
2
2
1
1
1
1
30
31
31
31
1
2
2
2
5
18
24
27
1
20
23
26
10
20
26
29
1
1
2
2
1
1
1
1
30
31
31
31
1
2
2
2
8
15
20
26
10
19
16
27
10
19
25
27
1
1
2
2
1
1
1
1
30
31
31
31
1
2
2
2
4
10
16
20
6
12
18
22
6
12
18
22
1
1
2
2
1
1
1
1
30
31
31
31
1
2
2
2
6
13
24
28
10
16
22
29
10
16
27
29
1
1
2
2
1
1
1
1
30
31
31
31
1
2
2
2
9
5
15
26
12
11
12
27
12
11
19
27
1
1
2
2
1
1
1
1
30
31
31
31
1
2
2
2
8
12
16
20
10
10
19
17
10
15
19
24
1
1
2
2
1
1
1
1
30
31
31
31
1
2
2
2
14
10
18
24
17
12
19
27
17
12
19
27
1
1
2
2
1
1
1
1
30
31
31
31
1
2
2
2
2
14
18
25
3
16
17
26
3
16
20
26
1
1
2
2
1
1
1
1
30
31
31
31
1
2
2
2
5
16
18
24
10
14
13
25
10
19
24
25
1
1
2
2
1
1
1
1
30
31
31
31
1
2
2
2
12
18
22
27
10
19
23
28
15
19
23
28
1
1
2
2
1
1
1
1
30
31
31
31
1
2
2
2
5
5
20
26
4
6
16
25
7
6
25
28
1
1
2
2
1
1
1
1
30
31
31
31
1
2
2
2
9
18
24
28
7
17
26
29
12
20
26
29
1
1
2
2
1
1
1
1
30
31
31
31
1
2
2
2
15
18
26
29
18
15
27
29
18
22
27
30
1
1
2
2
1
1
1
1
30
31
31
31
1
2
2
2
14
20
25
29
11
20
26
29
18
21
26
30
1
1
2
2
1
1
1
1
30
31
31
31
1
2
2
2
9
14
4
19
11
18
6
16
11
18
6
23
1
1
2
2
1
1
1
1
30
31
31
31
1
2
2
2
12
6
15
20
11
9
12
18
14
9
19
23
1
1
2
2
1
1
1
1
30
31
31
31
1
2
2
2
17
16
4
29
15
13
4
29
20
20
5
30
1
1
2
2
1
1
1
1
30
31
31
31
1
2
2
2
19
9
18
20
17
11
20
19
22
11
20
22
1
1
2
2
1
1
1
1
30
31
31
31
1
2
2
2
8
12
17
26
6
16
15
25
11
16
20
28
1
1
2
2
1
1
1
1
30
31
31
31
